500
0.01
2120 1702 2398 1258 218 1944 -738 -2876 4848 -4779 -74 2807 -2379 4351 4034 -1785 574 -1064 4455 1130 3070 -2559 4255 -932 4414 1468 1668 -2591 -2154 -2915 938 -1723 2569 -3068 -4755 -4267 -1662 -4254 178 1035 253 130 4912 3116 2011 -635 -2193 3258 1068 -3975 4019 -4131 -2796 -4556 -2549 2878 3940 1686 4129 -3170 1992 10 -1863 3994 -803 4813 -1809 -4424 4938 -1851 -4526 4384 615 1554 650 -4060 -1344 3003 -2714 -3746 2251 -3917 -481 -394 -3500 -686 1822 3943 -3765 -241 1481 4282 -502 1741 86 257 -3776 -2864 -146 3712 -2509 2128 -1294 -3759 2689 -2502 -293 -2569 -4258 4365 -3669 1116 2151 -4082 2385 3110 -3651 -1854 4397 -1471 -4710 2106 4002 2211 -378 3204 -3122 2037 -3645 -3729 3406 -3329 1108 2969 -2405 3908 -4963 -3769 -3632 -88 -2538 4683 2190 2934 1148 -4674 -3542 -4809 -4469 -2848 -807 799 2213 2734 -3371 -4550 1613 365 1465 -281 -2842 -2579 -274 -2292 -2924 760 471 1340 4630 -1772 -3518 -4014 4083 3783 -1237 -2125 -500 3771 4925 2339 -905 -3340 -2587 4862 -4419 1461 4125 -1187 -3809 -411 -3047 383 2529 2020 1222 1907 1780 -4867 -1548 -4994 2553 4692 2503 -3367 155 2537 1711 -1849 4405 -2056 -729 -2399 361 -4001 -538 395 4116 -4808 -4114 1521 -1983 1318 3377 -4119 -4751 3052 2187 -4340 300 3309 -3650 108 1894 -344 -21 2712 -110 -4246 -4057 1908 -3863 -3771 -2681 803 1296 -3071 -2581 -4300 2862 2088 758 -4481 -4395 4849 3907 -842 455 3768 2741 286 -3920 2309 -1540 -3789 2432 -2265 4762 -851 -825 -3782 -2775 -1941 3645 -415 1412 2584 -4752 2494 400 305 4709 -2038 -2947 -1955 1924 3495 2591 1393 3088 -2929 -4013 3293 -4747 -4402 514 -4156 -3452 -2946 479 2193 -3925 1429 -1301 -211 172 -422 -16 54 3977 804 -4947 -3178 1999 355 214 3418 1182 18 4389 1825 -3512 -1428 394 3967 4973 -623 1615 -2324 -3328 -3598 823 -3397 -1077 3515 2924 2254 4752 -1764 -2906 -4135 798 1483 2348 -2455 4087 2902 -495 3036 235 -2508 -1616 2562 -1677 1007 3109 -4269 -2451 -3497 3880 1358 1646 1989 3179 -1084 -3815 -2888 -3089 3787 -4185 -309 4041 -4945 -1891 2927 3535 -1329 670 535 2355 4667 -782 952 -4762 -4436 -3870 3731 -1653 2469 340 -421 -816 1569 -2123 572 3620 -2186 547 1083 4211 -315 3403 1750 3430 -2184 -439 -4607 -3819 2434 -4374 -3562 1565 -9 -3018 -1295 -1381 387 -1624 3680 726 3245 -1828 1798 2032 -3303 718 -3015 4606 4205 -2433 -4139 1833 957 -3618 -285 69 -3085 -4075 152 -3019 -3724 -1869 -400 1180 -4866 -1045 29 -3010 3827 3175 2823 -1712 -719 -1563 -1018 -1253 2152 -4900 2676 -3465 -426 -3366 349 -1758 -152 946 4722 -2030 -53 963 613 261 -2352 -2358 -2464 -1705 658 808 -3747 -4333 -215 -3372 4989 -3247 -1800 3612 -1197 -443 375 2391 -1737 1280 3586 -1656 4793 -3108 839 904 290 -4039 -813
r
s -74
s 74
b -2559
o d
s 4255
r
b 574
b -1