10000
d
3
536	741	702	940	856
215	866	58	469	434
30	207	761	218	634
566	183	599	524	508
724	582	697	777	460
367	155	298	720	11
871	587	464	586	280
843	740	253	436	180
742	26	457	107	321
245	63	717	94	51
239	335	439	825	922
575	697	61	772	725
807	657	764	67	221
338	358	401	245	48
854	85	180	47	242
818	582	343	609	944
792	150	704	817	576
323	79	238	136	839
945	298	880	926	826
821	262	334	35	400
45	374	688	375	147
170	363	490	386	434
753	370	679	538	603
969	367	124	181	671
760	536	748	783	922
8	915	390	267	42
462	20	852	720	459
609	364	513	56	895
331	789	894	448	833
822	552	963	782	735
211	129	274	147	99
801	339	289	28	295
788	353	615	647	911
840	224	1000	730	394
542	914	474	346	857
375	895	106	654	555
916	314	793	551	872
781	629	431	224	360
720	106	151	385	572
9	692	371	111	108
374	502	619	965	248
139	200	802	360	436
357	680	228	347	617
572	210	905	691	416
58	876	944	869	765
340	454	806	950	524
367	768	484	583	431
231	362	849	545	836
992	950	309	657	917
526	607	566	94	102
892	806	442	998	386
138	367	456	460	196
382	994	673	381	331
213	726	528	168	841
822	900	170	329	910
580	613	191	754	872
88	274	254	828	927
476	906	78	216	867
353	182	465	64	622
364	397	684	683	978
216	684	205	366	100
379	427	521	399	564
485	305	774	555	682
555	425	531	812	472
699	986	268	193	179
862	28	559	568	152
710	471	543	28	300
12	711	734	522	851
407	80	205	260	188
754	758	844	695	79
454	73	163	158	712
307	593	752	585	259
975	141	411	972	320
126	250	566	754	321
160	88	213	933	753
522	651	130	569	185
689	1000	919	243	886
239	412	282	263	818
195	7	828	509	677
917	160	55	438	858
348	43	469	373	813
194	617	389	671	962
336	532	676	2	936
873	978	186	689	619
234	527	327	761	421
197	192	996	779	238
923	855	675	305	677
2	481	435	532	696
122	225	244	785	664
509	153	345	82	398
758	194	490	508	979
473	489	893	578	92
196	774	958	415	544
78	961	591	606	660
149	253	894	483	272
505	52	56	248	520
229	518	652	523	224
544	495	856	533	77
409	123	279	183	289
256	11	5	715	856
644	469	28	712	560
38	9	269	286	316
599	517	244	987	558
838	505	759	228	706
878	559	65	840	630
481	741	218	305	751
184	160	677	27	394
951	725	888	173	173
869	812	381	99	554
16	683	992	391	845
143	959	599	215	493
551	570	596	482	296
914	367	156	514	137
792	269	54	188	152
769	606	8	242	432
86	618	603	354	440
244	611	827	458	868
54	325	936	474	744
836	818	309	51	235
91	123	517	255	171
765	851	138	87	117
379	989	199	70	645
713	880	190	478	315
377	747	698	54	480
725	692	621	146	207
140	94	788	888	590
250	272	436	732	927
204	967	38	189	437
481	766	562	935	880
415	736	305	480	815
273	492	337	699	987
669	807	656	640	258
269	552	349	402	48
312	59	4	508	814
614	299	986	346	814
686	26	10	472	311
388	209	791	319	427
503	491	284	185	338
887	851	917	392	422
171	807	330	747	202
498	854	271	692	372
259	546	691	480	91
232	771	660	437	652
628	843	647	600	633
669	556	621	136	98
896	303	234	927	700
606	832	980	623	860
781	480	249	247	628
163	946	150	732	53
523	199	646	714	208
719	541	152	743	77
193	697	497	449	182
888	673	457	464	515
180	589	339	807	231
616	604	866	141	715
993	986	765	451	269
831	706	515	697	761
350	301	97	397	515
900	590	41	771	304
84	216	554	631	396
979	97	46	151	618
750	43	483	77	515
951	125	169	317	84
318	25	726	468	44
618	716	124	572	727
2	384	107	780	350
310	954	124	151	672
962	88	636	289	52
905	723	609	783	902
662	547	91	754	235
500	208	236	560	68
667	71	92	681	358
399	408	239	275	873
353	639	334	862	814
796	840	375	435	665
197	897	278	91	407
991	215	387	565	487
553	679	825	29	492
332	101	347	187	378
932	354	221	328	471
420	799	154	385	542
603	151	279	146	949
780	283	807	199	922
303	692	969	188	480
474	733	912	82	717
341	809	14	842	809
921	73	70	136	966
874	978	943	357	183
75	620	788	577	932
959	788	714	724	921
487	514	312	198	584
321	715	921	765	860
514	183	631	723	989
272	114	352	341	304
245	230	557	383	998
988	891	347	895	549
752	280	569	284	696
313	362	631	598	320
391	569	398	762	466
888	674	950	883	754
401	90	214	530	164
19	399	839	912	831
828	942	917	5	236
293	760	539	513	661
634	786	197	571	413
750	829	376	86	146
689	39	590	768	473
320	732	25	353	947
39	968	51	493	306
679	941	914	711	907
427	674	450	825	869
539	367	678	965	608
137	398	679	872	734
464	825	276	409	362
544	205	888	410	936
293	394	35	784	880
869	867	637	257	549
212	125	773	276	40
673	297	231	302	378
342	633	342	894	727
132	488	562	983	548
72	572	634	611	227
973	763	911	504	982
444	16	851	221	672
191	456	973	64	510
625	221	282	238	251
908	168	774	514	833
209	152	966	91	969
662	373	465	911	410
521	122	681	175	895
31	802	94	619	145
147	581	58	283	900
630	729	503	910	392
896	506	101	325	187
163	263	804	713	998
994	466	299	855	445
196	937	5	586	896
496	210	970	100	914
763	548	57	942	280
330	856	842	658	331
829	309	122	304	485
722	725	269	282	572
63	697	865	421	691
633	624	775	844	164
193	160	635	441	234
901	275	458	9	432
301	917	532	436	101
66	260	235	507	675
344	4	779	151	283
161	132	285	764	552
27	896	681	498	400
390	117	390	463	397
580	651	193	898	194
970	584	146	434	152
50	439	115	340	614
394	377	511	884	617
772	521	426	645	239
216	994	642	522	811
228	287	596	240	407
398	74	303	918	966
637	910	546	846	260
75	750	975	101	499
367	807	296	858	338
586	650	72	292	337
716	682	939	151	759
662	118	895	478	98
637	500	413	35	6
217	585	582	120	462
180	52	177	671	37
569	702	478	61	577
941	844	821	191	930
147	648	387	906	696
446	960	709	864	212
921	520	658	375	261
256	283	50	833	136
251	50	290	957	143
828	815	122	766	49
460	353	629	395	198
124	797	451	336	429
423	764	969	753	544
146	178	366	262	45
179	718	506	142	76
109	422	196	833	733
453	213	191	356	200
86	128	204	820	685
966	61	387	553	265
236	145	426	673	221
828	623	75	153	992
222	582	348	346	795
247	793	40	252	236
153	450	63	65	796
931	324	208	243	68
336	570	751	270	613
867	366	274	175	255
438	720	994	329	740
361	914	515	152	132
196	859	813	556	888
688	990	696	966	13
314	450	138	149	427
394	594	655	306	199
224	671	183	467	702
386	875	956	602	286
102	978	649	720	785
807	876	264	76	258
692	41	391	481	364
290	911	307	721	743
862	741	683	446	536
312	283	365	174	240
149	428	958	837	155
573	572	193	999	799
131	228	923	621	30
254	601	109	394	733
460	598	39	583	170
99	895	458	836	331
989	385	127	444	504
195	918	864	266	235
123	196	529	637	236
26	257	133	324	313
557	746	905	353	8
781	813	739	259	450
905	931	992	731	698
431	636	495	57	361
880	935	69	990	950
663	911	455	406	823
617	899	189	902	990
197	30	523	906	853
460	263	402	666	703
433	344	972	804	307
266	377	351	118	459
549	448	671	833	222
710	918	487	15	307
912	128	858	417	246
958	994	231	718	98
63	757	756	78	941
771	770	72	424	726
467	12	895	491	152
625	120	72	334	583
408	257	502	995	31
576	511	844	540	409
929	310	166	366	848
325	809	943	150	893
606	797	554	585	540
74	708	327	827	653
247	801	987	258	291
447	145	652	221	20
848	191	247	14	545
707	320	670	177	260
568	291	280	560	891
478	668	107	732	151
843	715	101	449	95
921	54	133	624	153
835	937	401	985	6
408	104	450	646	157
24	906	316	101	567
498	973	144	647	133
478	610	604	264	718
882	587	267	786	890
214	363	221	33	993
457	769	921	265	909
850	130	454	185	172
405	636	515	287	911
491	937	884	49	350
940	291	931	813	534
512	834	56	150	149
66	820	167	696	277
300	546	531	670	585
623	75	772	596	130
733	377	466	859	378
380	872	246	695	385
117	608	656	330	379
2	531	904	950	718
677	912	839	967	498
798	345	749	645	993
198	709	32	803	845
60	112	178	414	251
538	502	462	898	702
543	698	804	677	629
454	198	676	338	350
418	43	508	659	709
844	854	779	642	893
918	240	480	361	553
209	442	330	123	130
78	41	500	670	751
644	87	14	220	334
108	61	730	135	571
523	284	787	751	625
893	894	590	723	288
109	460	61	229	504
871	113	581	993	518
887	855	624	740	708
762	921	712	178	657
663	776	13	716	241
790	172	504	284	335
394	168	891	69	862
299	842	204	19	43
580	122	891	551	736
760	274	61	496	762
483	960	996	974	746
555	204	606	445	33
127	469	464	625	29
904	660	655	82	188
677	178	476	717	882
31	374	994	710	619
175	85	617	347	839
622	962	150	712	358
459	347	576	101	523
997	709	90	518	166
534	174	893	101	377
915	503	801	371	235
834	824	500	740	962
74	38	63	103	110
137	29	608	999	465
420	65	360	717	414
40	138	680	207	500
234	734	128	551	746
367	432	493	608	499
694	689	446	861	337
468	186	604	689	900
196	206	525	956	241
593	644	100	395	781
836	960	594	397	164
394	318	492	149	533
791	898	819	41	9
229	578	655	183	840
622	390	96	798	226
366	675	292	35	305
577	272	588	386	602
188	196	514	456	619
862	866	774	864	510
608	515	787	262	610
138	194	814	924	552
541	984	941	619	78
161	672	512	39	982
257	317	554	544	237
985	990	13	108	41
817	268	147	232	440
225	308	918	197	751
562	713	363	916	428
883	181	754	384	997
503	505	155	411	670
425	895	31	291	662
422	313	219	830	870
706	92	169	482	136
859	810	836	643	931
363	592	244	834	931
863	158	599	559	815
222	191	387	445	149
343	210	625	58	856
120	889	84	569	744
153	218	878	689	241
946	236	84	855	739
268	599	573	705	668
288	54	273	895	775
230	453	452	469	507
187	380	97	252	440
944	144	661	362	268
822	273	567	51	832
89	733	965	810	400
200	217	272	40	73
803	133	794	536	323
821	481	728	137	160
646	464	174	427	15
752	896	937	633	883
605	460	797	558	830
724	777	550	686	851
441	533	793	849	863
151	768	243	497	984
388	797	320	715	567
39	5	231	957	980
9	576	995	810	763
5	938	264	113	722
236	93	531	62	846
73	871	962	976	618
847	606	865	757	715
215	332	344	521	120
981	133	907	709	584
582	369	202	599	815
56	826	287	652	81
498	288	774	166	223
107	820	65	711	153
488	793	560	417	222
75	41	97	754	875
59	916	263	73	608
475	931	359	162	795
157	886	195	43	594
822	708	115	388	395
284	505	765	208	318
682	926	152	269	97
680	215	206	465	22
548	231	379	516	833
273	535	396	219	915
390	813	40	207	426
203	595	14	303	582
474	761	743	550	499
310	387	139	74	839
654	775	756	104	953
146	731	45	839	179
902	240	106	390	327
674	526	427	147	212
37	659	331	173	750
210	561	675	1000	983
840	496	633	136	113
971	586	276	855	58
609	324	66	948	782
227	214	100	736	286
308	296	157	130	752
156	742	915	978	57
429	969	375	434	276
555	641	820	316	260
927	862	906	147	149
86	44	225	908	749
621	384	614	998	429
952	998	883	330	638
677	954	136	422	27
736	649	54	643	696
619	811	637	117	593
485	566	677	426	358
942	926	604	362	732
239	248	265	445	570
374	886	508	322	221
444	916	280	765	676
132	419	811	719	427
380	891	60	264	814
864	968	700	126	278
211	699	785	822	764
814	217	776	978	829
326	940	962	120	786
301	414	978	378	736
853	760	14	961	599
799	496	254	34	743
760	138	813	519	68
602	171	942	902	245
611	680	291	683	589
82	429	374	853	598
630	584	589	793	377
397	252	899	938	789
390	888	89	507	860
698	745	942	785	788
23	392	258	49	114
219	408	629	280	324
772	832	27	584	567
462	545	257	684	580
611	883	579	264	534
797	516	79	967	979
396	907	909	598	409
650	479	851	833	949
389	597	671	649	88
288	403	207	272	176
857	503	950	617	253
368	66	795	599	898
760	885	628	808	210
859	671	108	126	726
567	318	879	917	739
63	827	188	755	616
155	788	518	59	298
100	24	986	47	129
725	843	217	844	367
583	356	500	597	411
663	149	383	900	326
806	59	181	172	463
218	433	677	804	316
717	119	718	931	460
816	613	644	176	652
410	2	327	210	951
705	290	371	231	751
858	118	515	875	141
592	726	579	386	548
762	3	772	782	834
872	449	188	388	813
373	206	663	345	726
119	653	520	181	280
141	316	214	840	634
168	576	105	512	178
604	909	586	467	275
890	656	718	137	809
419	580	804	258	585
537	807	603	5	837
317	530	721	982	424
636	486	303	211	336
531	664	448	247	869
806	357	468	555	331
184	280	241	887	154
715	210	520	812	568
687	560	897	982	185
551	446	929	521	294
949	424	187	286	600
332	978	807	338	878
18	473	581	264	26
974	24	261	508	970
866	662	423	956	256
735	22	492	375	855
548	348	168	832	148
461	200	497	206	407
768	196	507	153	358
345	940	275	30	817
9	436	704	467	204
990	652	141	932	627
772	748	309	421	191
358	42	58	199	389
576	62	426	841	867
402	116	370	485	537
762	946	366	809	62
592	594	681	653	112
176	867	85	401	384
114	837	656	936	8
221	236	1	404	887
117	246	895	324	974
951	771	66	459	625
616	880	578	186	876
507	88	821	752	734
392	670	23	8	332
827	558	989	695	486
844	26	679	624	837
391	659	507	546	618
611	677	666	578	470
58	448	620	544	448
641	27	19	103	404
865	559	942	307	389
452	556	553	13	26
450	980	609	699	433
316	78	213	725	431
96	827	240	303	526
678	134	899	634	130
867	19	112	621	111
686	511	98	176	655
866	642	239	154	385
349	694	682	540	933
574	968	686	844	630
192	737	317	189	302
607	697	16	390	31
364	619	23	830	258
638	449	626	78	919
513	341	108	374	853
791	654	932	250	597
914	913	48	428	856
927	321	989	489	20
122	966	337	84	121
817	556	629	652	873
82	832	493	678	805
648	99	307	705	749
592	5	743	738	707
655	860	16	406	812
393	604	624	83	7
674	937	868	73	494
964	949	18	903	273
262	9	849	955	873
145	497	8	711	303
540	269	457	56	972
571	762	76	863	733
607	929	661	665	908
768	137	538	781	671
372	117	164	865	903
183	164	987	867	222
923	219	230	113	377
102	803	777	78	716
157	336	891	270	2
967	337	802	78	743
209	673	281	257	992
474	228	544	449	272
990	178	661	149	126
729	875	593	144	89
980	530	749	387	927
856	66	215	377	902
939	39	306	301	679
110	300	652	722	733
262	896	41	785	558
714	458	487	727	636
625	768	18	660	880
5	79	7	963	619
696	755	394	994	87
40	599	833	745	740
224	266	574	169	626
379	374	701	511	663
426	324	559	234	846
861	909	292	812	948
936	617	47	377	630
949	566	860	977	245
803	436	508	704	860
419	363	23	273	559
231	297	698	680	565
690	728	742	482	253
460	298	528	399	962
292	107	359	384	116
329	253	68	277	228
703	510	452	460	329
767	627	82	783	58
396	694	496	14	118
970	286	154	603	164
488	800	301	425	502
169	153	276	734	675
466	528	249	211	877
793	89	18	666	531
22	276	803	680	80
484	690	104	852	74
976	211	276	91	40
631	730	496	392	101
155	542	662	254	420
485	361	633	451	434
676	922	83	572	257
134	896	860	394	106
199	759	886	633	113
302	300	320	141	709
72	898	675	310	522
786	296	906	552	772
983	376	933	207	481
404	144	119	352	974
906	885	158	716	363
311	805	501	238	753
383	705	94	352	404
766	27	462	623	279
58	125	294	853	884
347	404	779	360	944
478	822	374	253	260
907	924	563	570	153
990	724	91	729	451
214	840	352	801	277
73	336	388	460	194
791	925	411	343	545
108	73	365	598	685
124	409	477	788	244
120	688	700	651	383
31	247	609	582	315
145	4	518	370	326
962	430	558	83	222
653	554	727	395	742
613	209	674	823	692
789	878	487	624	259
662	977	264	307	599
894	977	996	260	253
761	849	735	664	313
279	580	432	184	61
293	977	566	414	757
433	922	703	713	879
554	290	725	506	373
4	628	968	164	793
221	221	473	848	401
266	750	213	325	262
354	956	532	572	620
470	20	944	37	11
18	71	488	827	932
745	665	286	774	82
651	890	3	826	858
222	838	1	637	535
274	582	621	724	108
427	445	969	559	210
358	695	459	957	500
895	474	524	147	763
608	768	983	562	910
756	233	297	749	624
733	205	637	726	184
499	17	290	709	838
473	222	859	749	278
768	877	69	752	119
510	979	199	998	170
50	3	325	133	136
815	773	164	15	670
313	901	458	610	302
369	15	277	936	504
208	194	234	593	698
992	987	242	671	861
214	993	213	183	785
495	544	471	227	307
509	638	399	704	12
592	168	330	715	639
195	352	721	430	348
384	967	848	562	737
982	951	388	331	181
278	708	902	795	754
350	233	958	408	494
756	182	217	562	960
840	441	318	150	232
431	466	679	461	378
375	443	756	697	886
902	511	157	596	752
323	595	659	109	840
50	184	457	149	578
744	105	49	129	32
52	801	569	261	358
427	859	173	442	91
148	1000	321	443	888
90	665	257	597	314
616	921	329	871	16
121	336	438	50	28
348	741	391	70	324
597	218	565	888	7
147	524	441	609	87
349	229	372	695	753
60	934	374	877	482
69	313	799	643	144
577	443	256	331	62
472	927	36	357	652
812	281	196	403	309
917	175	614	740	965
394	995	388	867	64
121	194	263	679	298
201	185	998	98	32
920	312	9	354	46
410	370	944	618	216
773	47	834	76	116
691	191	724	61	565
621	953	954	604	439
784	203	953	920	654
292	370	682	754	734
269	928	71	319	871
567	226	363	50	307
468	476	842	277	651
841	571	976	808	470
871	311	276	732	414
216	923	752	571	24
419	915	192	571	501
422	967	736	551	405
716	541	947	347	33
775	20	480	914	165
439	554	441	662	410
838	337	613	49	805
745	143	647	49	665
450	780	109	871	144
114	977	910	738	988
548	831	288	468	836
46	204	357	79	804
193	612	342	848	973
91	233	68	644	29
908	97	151	890	933
316	136	147	933	47
679	544	965	622	124
443	524	617	516	851
465	724	859	315	184
525	285	206	308	825
493	480	726	199	963
261	267	867	633	961
532	908	841	429	497
904	169	733	958	299
620	340	848	494	207
176	560	710	264	825
680	334	650	895	257
177	473	931	957	384
601	186	610	516	483
657	941	802	612	331
862	60	94	235	388
398	957	650	824	75
632	418	769	729	35
209	79	437	374	999
5	674	316	2	931
497	792	225	958	103
392	164	744	28	139
249	303	712	703	26
524	889	724	790	314
635	342	10	405	257
833	858	396	965	532
642	879	838	21	218
928	125	442	522	844
432	610	214	220	172
586	960	743	747	838
27	383	19	411	653
405	455	854	652	444
371	26	593	580	320
78	291	694	606	518
674	73	974	933	68
918	436	140	819	553
874	925	916	197	865
324	746	808	159	650
134	169	558	339	414
607	900	672	17	466
167	978	333	592	958
449	747	160	502	237
723	987	117	628	795
407	318	382	790	242
50	297	285	189	373
972	362	439	744	641
955	724	115	484	488
652	122	151	134	438
642	423	974	275	42
446	471	281	405	789
523	790	434	760	221
889	205	247	563	988
454	414	3	312	577
370	965	651	360	838
735	960	611	638	266
630	229	102	932	950
332	417	543	931	521
12	401	838	8	206
356	381	458	160	214
360	494	441	791	509
360	648	607	768	595
55	393	323	820	107
356	782	772	802	340
313	815	756	510	582
887	404	919	660	754
760	554	326	190	24
787	656	533	473	288
46	198	172	416	489
128	698	323	675	956
48	176	992	430	469
998	106	753	774	280
904	638	413	321	859
432	794	272	693	347
226	55	456	34	16
133	331	665	665	468
293	866	23	804	176
41	238	442	457	56
636	837	544	104	811
641	203	46	382	627
310	376	694	490	447
743	923	970	419	639
760	545	656	849	691
505	180	822	250	66
489	520	226	185	749
897	499	774	59	368
626	808	367	239	952
523	536	726	224	404
365	569	685	713	805
537	751	667	698	118
484	383	682	297	47
646	472	627	110	117
841	632	339	318	215
464	815	836	601	653
201	370	167	963	85
171	575	511	593	277
335	294	701	399	339
806	40	382	211	887
675	105	422	118	537
988	996	564	363	951
710	765	311	453	668
32	409	673	550	309
973	270	635	575	293
843	788	886	304	270
154	506	39	755	890
25	656	549	708	141
147	974	835	198	941
2	153	45	441	842
207	799	302	778	113
919	85	936	366	608
630	345	38	530	585
338	669	764	877	191
490	525	799	316	98
432	723	618	144	316
136	288	669	723	339
891	7	40	721	53
687	154	222	357	980
131	351	956	218	983
952	521	9	196	760
380	325	820	284	849
245	573	5	50	722
194	390	5	539	369
463	874	483	864	6
960	446	997	397	209
887	654	826	893	448
306	734	805	929	356
47	891	917	22	964
189	644	659	815	720
976	872	241	141	907
364	839	765	804	93
635	331	498	527	461
572	9	436	786	126
539	446	805	916	944
625	22	354	296	425
54	938	450	678	212
547	266	595	691	622
189	636	73	563	993
528	145	416	528	542
323	170	413	172	191
735	229	429	745	433
229	56	718	515	47
361	269	265	604	290
841	770	159	7	622
855	838	953	408	474
400	976	469	504	791
802	154	92	482	236
124	271	38	487	949
162	271	486	913	867
371	534	268	117	431
248	972	449	278	691
701	74	119	830	531
342	762	149	43	603
557	591	881	530	207
856	167	50	567	926
552	485	179	899	943
105	110	739	65	883
232	929	850	506	861
820	492	270	738	673
278	174	382	665	268
474	901	602	644	880
934	938	790	215	517
362	907	5	836	99
457	343	383	165	482
50	114	602	411	556
625	206	981	388	993
281	916	629	412	918
510	201	173	631	564
496	969	144	915	412
643	371	250	879	511
729	859	29	523	119
604	925	473	669	5
683	908	674	899	410
975	28	120	53	89
183	436	409	541	992
113	375	44	951	118
69	867	819	119	445
863	927	112	903	646
508	6	150	483	670
726	23	434	850	119
321	913	270	117	318
354	971	775	401	669
451	194	247	963	696
715	224	430	879	733
876	833	824	356	931
116	928	131	513	516
966	582	499	782	207
841	347	623	418	836
479	863	78	930	873
178	125	957	763	305
181	294	459	634	942
755	741	11	257	964
251	652	157	444	275
313	493	121	326	306
360	637	919	241	672
661	282	588	535	575
63	672	455	542	257
318	25	641	396	747
771	129	687	195	557
15	723	575	412	986
619	891	552	988	619
225	480	41	134	264
644	304	65	35	80
227	88	937	385	606
942	1000	635	542	27
65	724	821	42	60
547	992	164	504	126
210	581	383	888	402
34	728	376	552	13
988	781	55	806	693
787	300	382	80	371
610	303	424	885	167
981	437	755	604	999
542	908	909	728	529
776	506	745	524	815
395	813	888	825	229
770	687	802	374	741
490	125	879	601	15
363	313	158	296	450
636	613	534	187	334
818	944	766	978	758
456	980	931	105	690
968	644	823	306	165
503	120	604	775	222
318	182	714	582	440
991	30	796	439	975
892	80	59	28	629
750	219	57	439	516
793	44	780	75	143
148	588	80	798	808
928	865	888	981	605
229	951	471	96	983
789	845	611	749	87
192	898	150	725	961
623	336	231	359	673
153	453	827	963	799
606	897	596	859	915
410	995	940	481	739
986	339	568	689	394
690	6	234	498	427
246	317	563	551	958
364	974	214	836	179
714	504	663	41	820
675	786	576	132	249
414	929	703	348	341
466	302	401	304	120
392	645	992	951	276
240	200	781	169	582
192	169	273	775	737
457	930	327	500	26
111	373	764	436	853
847	734	479	65	4
310	926	748	654	218
228	280	507	59	99
452	291	471	831	220
992	938	824	961	287
275	677	763	704	605
992	332	797	665	724
538	899	166	556	381
483	391	726	354	577
284	352	911	860	646
301	639	385	957	423
488	528	433	787	835
421	661	539	875	980
916	294	346	797	286
624	665	541	684	629
992	279	667	954	205
216	885	714	844	936
512	37	2	831	567
277	803	279	734	634
816	897	535	786	943
737	408	267	67	506
43	330	61	827	723
889	199	810	201	577
892	565	969	364	425
620	604	616	641	320
964	816	690	183	69
201	5	984	656	164
553	896	606	217	258
962	622	365	750	334
651	377	598	707	579
889	27	370	226	482
958	400	37	242	880
52	792	966	84	943
94	260	951	924	141
51	753	204	451	476
207	504	134	414	484
251	453	7	617	68
637	986	641	67	537
564	735	99	771	550
613	944	660	929	818
592	377	464	674	779
61	721	806	918	308
830	610	319	554	55
168	652	783	274	59
961	201	877	264	476
178	296	4	763	48
207	424	825	406	703
487	806	850	111	84
470	465	257	327	480
969	756	19	347	924
656	656	592	350	595
559	788	471	581	167
312	807	721	749	975
254	6	153	691	378
601	205	378	290	642
373	91	641	822	483
449	287	476	627	861
430	314	838	914	57
868	196	854	989	781
937	122	472	743	414
9	265	685	45	653
636	934	405	567	140
614	200	384	762	962
302	912	443	341	189
456	331	499	335	581
295	460	420	258	40
213	339	869	165	844
59	59	673	121	766
702	16	722	135	525
447	765	277	402	224
359	192	368	915	468
710	71	699	867	293
4	975	638	839	491
78	466	95	44	151
731	577	350	954	40
13	380	887	958	705
176	220	243	839	36
236	495	673	920	84
426	688	810	117	447
333	916	684	543	8
116	446	540	77	251
801	951	635	394	638
522	780	530	618	954
918	173	808	566	795
210	405	834	169	277
233	245	665	506	265
118	917	168	308	810
159	73	182	757	822
218	489	488	136	316
906	216	255	410	911
619	581	435	163	390
925	120	531	182	513
469	998	150	267	699
660	279	998	708	713
348	680	35	735	380
215	139	400	195	230
569	714	745	92	415
826	158	219	121	102
601	766	504	263	630
274	518	764	633	76
477	486	339	297	421
626	551	836	845	985
399	145	705	713	134
932	287	354	835	361
303	324	276	88	546
703	619	519	408	527
974	163	154	877	766
706	159	541	361	482
235	699	492	983	705
991	241	699	292	255
798	918	516	58	249
778	367	646	248	769
966	870	661	613	278
126	169	303	259	120
95	741	500	130	961
450	108	459	277	809
6	424	376	482	961
156	843	33	580	313
990	921	922	976	392
274	565	24	584	546
132	768	844	672	525
407	581	682	507	882
869	14	403	440	244
864	504	727	695	474
975	217	264	28	992
87	586	822	13	723
842	709	389	518	400
958	322	670	536	820
985	322	314	5	945
786	77	758	921	67
11	182	205	283	536
101	368	542	783	911
361	640	924	592	245
674	5	271	847	330
621	819	448	426	247
49	607	869	888	419
483	755	239	872	210
224	889	900	497	643
819	137	848	624	839
427	897	751	410	680
236	743	97	855	706
218	411	548	249	205
546	518	755	189	95
818	999	524	258	975
92	711	938	175	841
57	121	804	199	44
792	91	997	806	935
736	431	471	825	610
820	289	613	174	407
796	450	690	341	148
253	793	748	50	590
760	878	251	58	589
72	667	550	361	769
212	41	845	654	17
531	462	185	518	109
278	277	400	870	184
660	583	108	624	142
431	260	65	932	648
436	71	496	991	214
322	13	830	924	106
876	98	532	946	993
156	643	912	949	726
636	922	612	544	483
603	324	143	924	312
623	900	505	552	483
696	768	509	698	571
539	19	566	22	58
187	438	224	217	378
946	831	314	358	305
76	656	21	196	53
933	642	304	896	576
844	431	819	16	34
254	935	608	355	607
869	696	282	975	755
593	169	10	140	709
281	437	163	831	416
835	999	186	178	941
923	44	409	95	34
872	447	239	926	382
432	272	397	86	126
572	336	952	698	108
752	273	524	134	778
636	465	750	354	175
27	341	683	813	585
606	395	196	367	222
259	314	302	469	777
21	996	706	810	44
39	971	413	533	87
355	729	778	960	699
919	762	23	175	135
587	422	391	308	224
390	195	618	261	811
692	396	152	818	595
702	457	92	901	630
207	990	336	932	831
103	40	227	604	272
802	437	983	830	584
596	374	396	891	427
472	54	539	789	826
447	110	562	745	829
836	219	484	233	707
311	879	132	499	548
464	413	332	875	869
720	145	720	953	348
304	444	561	175	234
897	499	52	390	731
523	704	984	529	426
544	940	688	491	560
534	458	337	201	66
970	587	413	734	953
212	571	356	966	985
496	76	511	758	302
122	337	660	938	609
384	955	930	443	791
15	338	84	640	958
447	303	286	194	457
103	451	78	793	520
240	348	804	63	761
734	200	426	536	139
901	328	837	90	556
227	530	505	740	68
584	286	110	456	64
137	564	732	298	438
812	487	341	6	685
416	783	537	424	594
196	160	598	841	829
720	972	217	905	731
759	513	680	602	229
249	348	80	521	576
477	505	826	512	138
1	6	764	890	896
916	275	927	451	432
231	294	248	40	948
217	416	994	104	586
301	954	601	396	240
600	523	201	918	945
164	592	823	820	81
743	923	655	541	278
866	637	605	734	460
553	16	197	448	96
361	656	505	271	340
890	90	828	10	640
698	228	999	854	194
94	63	575	755	792
575	38	454	84	368
998	955	122	575	31
133	810	554	19	14
363	481	212	144	4
502	963	367	24	41
259	762	834	41	565
931	2	533	24	988
931	495	156	175	976
365	760	591	244	212
949	252	362	870	140
522	432	554	687	431
44	693	744	630	765
562	336	152	628	474
854	27	606	425	974
813	204	592	751	873
786	937	403	743	301
223	153	602	93	418
658	948	79	982	284
384	172	761	412	631
585	631	882	91	312
204	736	190	94	378
576	183	226	601	758
934	544	699	52	608
616	301	713	908	88
10	402	409	582	108
417	150	522	627	461
52	726	961	730	245
112	853	98	853	293
839	531	829	398	380
483	665	25	75	722
267	327	54	54	630
433	807	436	953	721
586	413	183	1000	182
208	903	77	232	920
28	195	333	460	781
340	312	547	726	528
70	956	906	415	879
69	289	200	770	277
227	175	505	313	364
948	674	229	90	9
526	625	423	563	185
904	974	808	650	786
543	228	479	248	961
773	353	299	294	649
784	661	32	75	885
471	330	367	518	942
886	821	52	43	157
798	612	551	208	491
863	570	240	411	830
700	819	389	869	150
383	572	192	578	666
241	798	456	751	784
288	280	53	30	490
610	281	333	333	725
92	614	656	295	171
695	531	143	685	449
681	394	662	122	432
838	694	357	331	185
953	995	67	419	515
118	409	29	657	571
359	707	269	240	818
863	437	557	751	697
208	873	177	876	935
78	307	854	833	236
488	796	589	707	646
468	53	521	522	491
782	267	450	745	100
231	238	32	502	324
125	496	415	901	462
751	665	101	486	584
308	724	584	553	965
391	262	803	817	556
28	263	45	60	693
849	203	415	340	893
602	791	859	165	15
474	425	98	240	237
865	709	820	538	952
517	749	965	736	90
845	664	766	395	49
245	193	383	778	598
987	299	269	661	434
581	88	597	686	634
751	336	991	931	290
1000	33	281	174	544
436	387	593	131	582
892	255	104	138	626
667	130	813	900	519
109	331	306	731	210
668	643	984	527	386
559	275	700	188	405
487	190	477	47	954
783	882	729	387	78
673	578	103	991	987
683	794	588	383	767
683	667	103	163	464
142	429	270	671	273
298	875	62	680	390
895	479	872	515	576
971	182	852	134	632
691	598	524	988	716
128	808	494	675	414
20	791	710	238	641
53	529	361	831	901
817	853	712	512	158
595	192	140	598	170
406	594	216	654	701
374	381	128	343	527
116	791	422	38	670
171	297	111	919	648
711	183	765	886	896
893	381	975	770	885
390	819	718	179	130
332	37	429	229	793
620	803	884	590	455
109	161	173	688	239
642	54	761	182	828
545	910	242	321	111
756	824	4	915	324
39	371	288	504	765
944	118	745	723	385
705	1	244	448	220
556	167	726	150	829
152	23	757	729	190
160	382	941	797	738
21	770	62	387	828
390	118	65	823	428
616	619	564	839	835
14	343	174	687	251
983	887	849	393	983
630	287	751	906	273
592	692	49	721	54
828	842	58	917	384
894	744	567	582	742
19	863	863	212	618
795	617	480	894	864
115	263	460	729	204
499	354	103	724	932
62	965	543	242	459
176	499	254	608	892
617	19	535	690	463
959	670	420	37	384
762	505	62	376	82
566	319	780	298	741
955	644	857	22	122
733	472	191	711	546
777	44	732	469	542
731	228	403	697	511
608	424	365	839	510
375	722	882	34	999
345	136	304	661	540
157	609	764	281	578
843	500	484	456	621
855	775	904	119	149
105	221	198	412	328
847	10	941	94	501
811	174	121	495	404
831	367	17	361	685
746	693	662	904	848
608	840	32	324	63
143	444	57	105	593
962	876	875	932	830
35	786	420	879	619
95	985	845	257	752
281	16	772	477	105
310	263	22	888	947
105	277	352	945	70
52	1	527	831	988
814	786	238	728	583
164	220	119	901	9
957	895	740	360	749
792	900	837	90	615
918	739	285	952	455
921	15	247	217	556
558	966	932	660	373
399	35	952	933	632
977	858	474	765	285
451	465	221	24	898
538	217	41	105	903
938	549	277	714	802
737	215	14	94	208
71	592	432	120	255
193	564	220	770	359
292	558	340	228	762
411	823	365	503	429
96	577	87	639	460
627	321	566	333	164
630	382	984	629	393
858	162	925	723	403
636	275	434	365	492
535	455	43	235	420
960	20	281	267	595
39	967	501	699	687
517	102	57	516	356
859	973	860	757	794
26	279	455	832	589
57	527	775	713	132
910	907	456	408	717
204	672	841	969	832
544	945	815	552	336
747	345	214	730	406
986	548	324	58	176
793	169	392	718	496
372	706	388	620	699
978	620	8	232	887
870	562	158	559	40
715	270	419	342	411
595	227	307	676	679
470	292	165	750	965
456	948	480	978	698
449	98	473	397	894
549	793	823	927	769
135	788	461	864	183
1	611	925	590	962
893	575	190	39	190
684	380	486	543	617
26	448	994	573	174
123	869	186	39	365
228	673	392	262	260
596	756	241	79	75
969	332	749	287	951
369	857	910	535	126
556	251	999	639	230
548	738	2	114	300
552	676	965	956	559
947	858	294	748	298
798	225	337	157	366
778	236	691	208	760
161	497	841	197	72
679	226	819	198	761
126	987	274	315	262
541	962	900	81	366
299	318	696	245	596
199	328	491	357	369
419	899	803	948	844
762	642	32	142	26
304	395	277	51	907
659	431	703	382	807
79	544	234	630	1000
793	587	849	459	50
281	304	621	33	32
698	361	718	882	747
868	425	513	778	407
462	530	336	816	841
281	584	259	753	656
71	434	765	617	763
152	460	949	436	477
362	217	866	393	270
330	883	838	71	391
418	274	477	817	677
512	519	553	250	133
73	59	795	975	406
685	18	761	465	598
662	905	103	903	343
374	112	240	73	590
977	62	932	349	579
22	49	876	6	985
363	581	601	867	255
851	458	368	33	81
564	82	151	830	145
427	57	411	172	755
609	928	339	148	188
613	973	523	400	122
278	254	747	352	613
172	37	13	154	366
368	175	261	390	648
38	251	69	987	306
161	102	447	477	838
561	779	2	403	76
132	408	641	601	431
385	318	390	274	66
981	163	149	548	260
339	391	612	249	686
698	329	836	680	677
989	656	742	835	137
34	843	829	661	574
807	37	579	268	517
717	377	151	199	234
916	243	682	816	834
196	488	551	299	560
651	970	353	570	12
445	300	952	886	920
20	938	894	57	682
774	270	431	83	364
99	231	30	308	237
58	208	720	237	158
292	740	354	31	792
73	917	61	586	780
27	164	260	247	436
723	139	332	341	659
335	332	282	281	298
998	929	398	771	395
781	205	986	641	735
259	599	221	890	414
483	892	918	459	640
864	63	457	905	392
302	940	973	209	645
621	24	923	766	927
104	391	109	459	711
800	20	900	499	796
183	464	331	107	557
276	373	498	131	231
97	293	212	522	470
811	483	523	563	301
54	321	844	781	74
326	460	60	843	377
357	164	485	45	578
827	537	409	56	876
32	691	128	780	671
844	843	590	934	334
960	128	791	44	272
308	163	134	822	931
257	463	329	25	292
635	937	266	299	867
684	976	720	56	151
839	947	519	403	163
177	33	497	267	771
663	26	379	109	688
864	119	862	667	492
104	36	777	494	818
547	244	816	446	478
114	139	938	799	713
740	510	46	454	150
246	284	923	737	762
758	667	796	188	481
393	621	340	280	475
142	250	719	300	386
745	684	388	527	931
387	101	551	731	225
804	719	973	160	241
393	890	984	617	56
456	896	178	507	172
301	946	927	988	678
773	42	598	254	709
333	141	233	199	476
116	74	474	252	995
335	663	56	63	385
605	835	691	389	296
482	940	355	656	842
370	816	295	399	63
508	47	858	297	992
610	388	255	28	280
806	632	123	298	459
938	338	209	427	918
705	96	733	654	419
556	125	90	943	296
489	447	318	662	670
634	269	182	623	221
233	629	688	616	816
572	993	982	513	624
653	628	680	25	977
967	383	508	585	877
415	294	11	623	459
111	600	297	421	777
880	481	153	48	145
582	77	611	215	971
14	311	889	263	8
206	641	667	685	504
205	975	572	502	416
106	364	134	888	859
222	317	832	530	202
754	926	961	212	498
322	14	781	688	33
342	552	353	505	302
681	575	887	225	532
837	404	27	944	442
749	473	923	129	642
671	727	827	832	892
383	768	56	305	971
691	722	385	131	99
387	651	192	31	495
825	159	689	140	373
480	493	97	539	194
919	515	292	835	37
901	125	937	816	881
463	263	82	90	719
702	852	80	499	567
14	468	466	334	414
743	591	897	994	422
302	748	885	730	767
346	636	796	112	186
660	682	220	495	464
820	235	917	681	284
730	157	981	379	393
824	448	466	921	818
87	356	326	246	461
577	445	773	551	621
728	967	786	180	203
344	999	8	45	706
406	139	109	978	988
706	760	147	594	106
686	484	667	99	996
402	823	134	144	870
974	491	632	560	343
993	938	332	49	953
34	9	703	268	815
540	295	519	140	274
319	50	638	940	226
277	226	782	122	354
874	756	129	18	675
238	905	825	89	956
348	701	949	946	426
247	339	757	310	943
717	203	180	198	91
943	821	378	29	466
671	669	283	906	268
70	983	461	299	112
40	185	573	271	894
422	553	8	479	865
641	42	941	491	666
259	876	136	14	999
306	218	248	886	996
681	315	208	583	862
899	851	821	460	662
477	552	907	638	90
503	583	186	606	814
293	626	487	561	317
40	965	481	186	503
642	613	382	730	538
579	111	667	85	96
415	197	669	12	25
445	893	947	113	135
243	305	839	423	612
312	360	493	488	222
752	240	708	996	931
779	882	904	526	659
60	201	15	337	167
842	482	486	240	745
701	721	535	430	40
939	66	933	866	199
183	848	653	487	962
725	37	107	629	767
257	171	94	171	438
965	995	4	635	460
14	812	220	897	585
395	51	929	942	261
356	941	556	758	79
925	962	826	684	412
195	624	239	374	16
984	626	191	800	849
757	799	538	571	169
127	189	101	900	467
512	751	546	268	728
24	248	120	619	717
952	904	806	950	279
883	505	430	570	297
226	182	377	134	920
894	350	284	568	8
249	10	990	420	855
504	29	169	473	856
926	560	71	912	81
357	548	408	181	6
304	862	402	802	743
537	458	807	535	663
854	142	120	562	654
482	995	663	614	645
710	697	16	426	22
929	776	501	749	251
973	934	260	315	725
898	366	267	794	791
88	630	25	531	451
935	127	801	635	996
723	508	703	600	684
174	753	657	480	426
265	624	180	887	145
674	729	437	604	25
587	994	773	536	347
195	51	466	25	340
42	217	736	975	428
674	648	863	998	269
310	66	452	854	837
579	793	266	881	949
10	737	608	128	55
632	266	934	432	982
175	781	791	855	594
672	154	875	905	288
573	790	418	101	604
379	895	405	406	935
3	179	681	411	14
389	185	282	965	509
912	559	954	701	239
261	802	794	159	658
358	816	594	74	466
848	707	8	579	593
880	802	639	387	64
189	512	836	371	540
358	500	696	460	902
292	323	729	810	205
500	185	411	868	945
628	45	492	81	798
325	870	569	226	720
389	350	79	55	269
113	861	949	375	852
417	759	803	797	241
144	43	218	799	188
854	696	697	525	672
79	584	780	920	413
672	268	556	969	369
453	123	769	463	695
406	224	389	875	767
138	676	85	943	262
149	133	669	517	443
895	500	750	359	532
793	539	751	99	739
855	415	272	45	574
112	783	229	221	924
427	175	358	354	476
674	573	761	552	632
530	357	866	387	397
20	404	571	432	502
224	13	482	164	791
2	54	148	546	777
174	375	487	354	624
361	744	114	584	616
393	873	375	109	826
578	375	263	615	635
959	943	665	380	703
651	871	941	474	396
403	865	859	510	451
862	57	8	182	161
405	558	307	451	564
451	226	539	391	457
48	862	275	7	960
370	256	507	437	280
243	398	534	817	881
801	42	979	223	224
750	220	720	32	810
108	324	845	228	506
811	601	176	441	501
645	523	198	968	656
577	641	414	859	551
252	252	773	527	353
412	577	696	451	703
694	884	872	471	245
135	722	41	393	623
395	406	386	263	79
54	53	400	393	238
302	719	460	719	851
950	858	988	328	254
315	392	690	930	620
606	839	734	897	681
815	385	404	541	561
835	558	211	167	351
595	854	227	93	695
136	541	128	450	232
17	189	577	163	196
820	273	347	470	323
655	950	545	830	404
73	130	822	834	850
205	768	231	800	391
422	322	457	416	554
676	732	86	578	863
192	828	630	985	292
782	439	239	434	195
162	658	440	551	33
5	609	772	792	74
525	864	678	816	56
611	453	922	222	776
644	116	159	71	861
173	699	261	410	122
312	178	379	524	789
917	142	72	870	728
915	493	8	270	503
790	886	994	731	713
581	794	9	288	124
913	705	773	319	31
262	986	856	982	857
892	899	767	312	595
309	993	180	51	190
295	651	775	943	852
417	487	474	44	219
535	947	998	272	949
851	138	738	687	243
48	778	264	844	65
635	985	147	639	639
479	887	136	683	853
179	131	997	521	244
58	1000	586	915	965
122	202	737	511	895
857	537	525	866	233
359	323	475	128	508
749	278	680	317	115
364	581	353	477	622
453	736	817	397	203
769	652	117	761	83
803	918	78	742	450
48	531	940	603	250
204	496	407	504	122
355	853	342	840	32
965	393	924	831	505
269	615	684	910	819
285	799	437	207	672
381	381	479	746	699
507	635	963	457	226
64	504	295	209	439
219	641	625	47	801
401	945	646	167	705
781	964	347	24	74
94	496	789	229	783
484	32	693	4	520
301	568	123	449	598
457	670	630	576	586
981	230	905	254	379
488	530	346	566	675
485	596	312	994	941
501	393	802	257	893
109	844	795	409	334
43	116	796	433	491
199	326	645	11	224
879	457	701	864	363
12	796	597	415	267
459	210	895	459	676
165	707	973	795	956
981	888	710	968	979
989	580	847	204	455
711	410	432	690	743
12	812	242	273	910
777	908	961	698	15
375	785	759	784	850
164	60	889	467	262
155	504	592	729	789
382	284	21	219	838
496	266	395	819	455
212	246	321	362	798
246	394	133	317	418
750	56	690	514	555
753	719	47	163	631
892	861	871	723	455
185	284	428	131	667
885	764	582	452	467
59	673	884	520	585
185	287	777	609	367
48	930	333	103	912
134	231	907	196	370
74	153	593	948	945
306	709	134	613	247
294	442	82	971	24
916	244	898	411	238
132	916	355	71	470
494	509	19	531	152
258	957	657	646	221
791	819	569	289	518
584	891	920	288	309
631	943	919	97	409
90	798	984	87	561
45	34	893	913	311
228	805	270	68	527
295	639	526	504	70
483	967	176	214	253
112	464	967	541	576
912	412	809	266	868
248	911	109	871	67
627	387	135	185	134
101	926	870	62	693
638	976	522	236	881
46	247	909	633	514
603	234	755	465	650
806	492	233	736	920
319	893	333	681	792
442	523	259	340	468
683	754	725	189	389
47	941	1000	398	898
945	917	57	443	988
725	713	990	914	148
133	998	997	926	500
532	431	34	482	978
217	154	306	977	639
11	559	547	712	947
829	427	79	196	86
49	312	915	398	684
497	326	256	492	948
688	199	441	299	330
117	403	967	419	143
498	932	11	738	783
264	252	336	518	526
196	397	259	856	647
837	298	516	165	920
491	428	139	900	394
953	665	878	776	588
915	504	931	842	494
697	855	614	398	351
688	801	382	499	978
650	991	673	794	103
943	688	35	688	150
616	277	205	108	769
1000
1000
1000
1000
1000
1000
1000
1000
1000
1000
999
999
999
999
999
999
999
999
999
999
999
998
998
998
998
998
998
998
998
998
998
998
998
998
998
998
997
997
997
997
997
997
996
996
996
996
996
996
996
996
996
995
995
995
995
995
995
995
995
994
994
994
994
994
994
994
994
994
994
994
994
994
993
993
993
993
993
993
993
993
993
993
993
992
992
992
992
992
992
992
992
992
992
992
992
992
992
992
991
991
991
991
991
991
991
990
990
990
990
990
990
990
990
990
990
990
989
989
989
989
989
989
989
989
988
988
988
988
988
988
988
988
988
988
988
988
988
987
987
987
987
987
987
987
987
987
987
986
986
986
986
986
986
986
986
986
986
985
985
985
985
985
985
985
985
985
984
984
984
984
984
984
984
984
984
983
983
983
983
983
983
983
983
983
983
983
982
982
982
982
982
982
982
982
982
981
981
981
981
981
981
981
981
980
980
980
980
980
980
980
979
979
979
979
979
979
978
978
978
978
978
978
978
978
978
978
978
978
978
978
978
977
977
977
977
977
977
977
977
977
976
976
976
976
976
976
976
976
976
975
975
975
975
975
975
975
975
975
975
975
975
975
974
974
974
974
974
974
974
974
974
974
974
974
973
973
973
973
973
973
973
973
973
973
973
972
972
972
972
972
972
971
971
971
971
971
971
971
970
970
970
970
970
970
970
969
969
969
969
969
969
969
969
969
969
969
969
968
968
968
968
968
968
968
967
967
967
967
967
967
967
967
967
967
967
967
966
966
966
966
966
966
966
966
966
966
966
965
965
965
965
965
965
965
965
965
965
965
965
965
965
965
965
965
964
964
964
964
964
963
963
963
963
963
963
963
963
962
962
962
962
962
962
962
962
962
962
962
962
962
962
962
961
961
961
961
961
961
961
961
961
961
961
961
960
960
960
960
960
960
960
960
960
960
960
959
959
959
959
958
958
958
958
958
958
958
958
958
958
958
958
957
957
957
957
957
957
957
957
957
956
956
956
956
956
956
956
956
956
956
955
955
955
955
955
954
954
954
954
954
954
954
954
954
953
953
953
953
953
953
953
953
953
953
952
952
952
952
952
952
952
952
952
951
951
951
951
951
951
951
951
951
951
951
951
950
950
950
950
950
950
950
950
950
950
949
949
949
949
949
949
949
949
949
949
949
949
949
948
948
948
948
948
948
948
948
948
947
947
947
947
947
947
947
947
946
946
946
946
946
946
946
945
945
945
945
945
945
945
945
945
944
944
944
944
944
944
944
944
944
944
944
943
943
943
943
943
943
943
943
943
943
943
943
943
942
942
942
942
942
942
942
942
942
942
941
941
941
941
941
941
941
941
941
941
941
941
941
941
940
940
940
940
940
940
940
940
940
940
939
939
939
938
938
938
938
938
938
938
938
938
938
938
938
937
937
937
937
937
937
937
937
937
937
936
936
936
936
936
936
936
936
935
935
935
935
935
935
935
934
934
934
934
934
934
934
933
933
933
933
933
933
933
933
933
932
932
932
932
932
932
932
932
932
932
932
932
932
932
931
931
931
931
931
931
931
931
931
931
931
931
931
931
931
931
931
931
931
930
930
930
930
930
930
929
929
929
929
929
929
929
929
929
929
928
928
928
928
928
927
927
927
927
927
927
927
927
927
927
927
927
926
926
926
926
926
926
926
926
926
926
925
925
925
925
925
925
925
924
924
924
924
924
924
924
924
924
923
923
923
923
923
923
923
923
923
923
922
922
922
922
922
922
922
922
921
921
921
921
921
921
921
921
921
921
921
921
920
920
920
920
920
920
920
920
920
920
919
919
919
919
919
919
919
919
919
918
918
918
918
918
918
918
918
918
918
918
918
918
918
918
917
917
917
917
917
917
917
917
917
917
917
917
917
917
916
916
916
916
916
916
916
916
916
916
916
916
916
915
915
915
915
915
915
915
915
915
915
915
915
915
914
914
914
914
914
914
914
914
914
913
913
913
913
913
912
912
912
912
912
912
912
912
912
912
911
911
911
911
911
911
911
911
911
911
910
910
910
910
910
910
910
910
910
910
909
909
909
909
909
909
908
908
908
908
908
908
908
908
908
907
907
907
907
907
907
907
907
907
907
906
906
906
906
906
906
906
906
906
906
906
905
905
905
905
905
905
905
905
905
905
904
904
904
904
904
904
904
904
904
903
903
903
903
903
903
902
902
902
902
902
902
902
902
901
901
901
901
901
901
901
901
901
900
900
900
900
900
900
900
900
900
900
900
900
900
900
899
899
899
899
899
899
899
899
899
898
898
898
898
898
898
898
898
898
898
897
897
897
897
897
897
897
897
897
897
896
896
896
896
896
896
896
896
896
896
896
896
895
895
895
895
895
895
895
895
895
895
895
895
895
895
895
895
895
895
894
894
894
894
894
894
894
894
894
894
894
893
893
893
893
893
893
893
893
893
893
893
893
893
892
892
892
892
892
892
892
892
892
891
891
891
891
891
891
891
891
891
891
891
890
890
890
890
890
890
890
890
890
889
889
889
889
889
889
889
889
888
888
888
888
888
888
888
888
888
888
888
888
888
888
888
888
887
887
887
887
887
887
887
887
887
887
887
887
887
886
886
886
886
886
886
886
886
886
886
886
885
885
885
885
885
885
885
885
884
884
884
884
884
884
883
883
883
883
883
883
883
883
882
882
882
882
882
882
882
882
881
881
881
881
881
880
880
880
880
880
880
880
880
880
880
880
879
879
879
879
879
879
879
879
879
879
878
878
878
878
878
878
877
877
877
877
877
877
877
876
876
876
876
876
876
876
876
876
876
875
875
875
875
875
875
875
875
875
875
874
874
874
874
873
873
873
873
873
873
873
873
872
872
872
872
872
872
872
872
872
872
871
871
871
871
871
871
871
871
871
871
870
870
870
870
870
870
870
870
870
869
869
869
869
869
869
869
869
869
869
869
869
868
868
868
868
868
868
867
867
867
867
867
867
867
867
867
867
867
867
867
867
866
866
866
866
866
866
866
866
866
866
866
865
865
865
865
865
865
865
865
865
864
864
864
864
864
864
864
864
864
864
864
864
863
863
863
863
863
863
863
863
863
863
863
862
862
862
862
862
862
862
862
862
862
862
862
861
861
861
861
861
861
861
861
860
860
860
860
860
860
860
860
860
859
859
859
859
859
859
859
859
859
859
859
859
859
859
859
858
858
858
858
858
858
858
858
858
858
858
857
857
857
857
857
857
856
856
856
856
856
856
856
856
856
856
856
855
855
855
855
855
855
855
855
855
855
855
855
855
854
854
854
854
854
854
854
854
854
854
854
854
853
853
853
853
853
853
853
853
853
853
853
852
852
852
852
852
852
851
851
851
851
851
851
851
851
851
851
851
850
850
850
850
850
850
849
849
849
849
849
849
849
849
849
849
848
848
848
848
848
848
848
848
848
848
847
847
847
847
847
846
846
846
845
845
845
845
845
845
845
845
844
844
844
844
844
844
844
844
844
844
844
844
844
844
844
844
844
844
843
843
843
843
843
843
843
843
843
843
842
842
842
842
842
842
842
842
842
842
841
841
841
841
841
841
841
841
841
841
841
841
840
840
840
840
840
840
840
840
840
840
840
839
839
839
839
839
839
839
839
839
839
839
839
839
839
839
839
838
838
838
838
838
838
838
838
838
838
838
838
838
838
837
837
837
837
837
837
837
837
837
837
836
836
836
836
836
836
836
836
836
836
836
836
836
836
835
835
835
835
835
835
835
835
835
835
834
834
834
834
834
834
834
834
834
833
833
833
833
833
833
833
833
833
833
833
832
832
832
832
832
832
832
832
832
831
831
831
831
831
831
831
831
831
831
831
831
830
830
830
830
830
830
830
830
830
830
830
829
829
829
829
829
829
829
829
829
828
828
828
828
828
828
828
828
828
828
827
827
827
827
827
827
827
827
827
827
826
826
826
826
826
826
826
826
826
825
825
825
825
825
825
825
825
825
825
825
824
824
824
824
824
824
823
823
823
823
823
823
823
823
822
822
822
822
822
822
822
822
822
822
822
822
821
821
821
821
821
821
821
821
820
820
820
820
820
820
820
820
820
820
820
820
820
820
819
819
819
819
819
819
819
819
819
819
819
819
818
818
818
818
818
818
818
818
818
818
817
817
817
817
817
817
817
817
817
816
816
816
816
816
816
816
816
816
816
816
815
815
815
815
815
815
815
815
815
815
815
815
814
814
814
814
814
814
814
814
813
813
813
813
813
813
813
813
813
813
813
812
812
812
812
812
812
812
812
812
811
811
811
811
811
811
811
811
810
810
810
810
810
810
810
810
810
810
809
809
809
809
809
809
809
808
808
808
808
808
808
808
808
807
807
807
807
807
807
807
807
807
807
807
807
807
807
806
806
806
806
806
806
806
806
806
806
806
806
805
805
805
805
805
805
805
804
804
804
804
804
804
804
804
804
804
804
803
803
803
803
803
803
803
803
803
803
803
802
802
802
802
802
802
802
802
802
802
802
802
802
801
801
801
801
801
801
801
801
801
801
800
800
800
800
799
799
799
799
799
799
799
799
799
799
799
798
798
798
798
798
798
798
798
798
798
797
797
797
797
797
797
797
797
797
796
796
796
796
796
796
796
796
796
796
795
795
795
795
795
795
795
795
795
795
794
794
794
794
794
794
794
794
793
793
793
793
793
793
793
793
793
793
793
793
793
793
793
793
792
792
792
792
792
792
792
792
792
792
791
791
791
791
791
791
791
791
791
791
791
791
791
791
791
790
790
790
790
790
790
790
789
789
789
789
789
789
789
789
789
788
788
788
788
788
788
788
788
788
788
787
787
787
787
787
786
786
786
786
786
786
786
786
786
786
786
786
786
785
785
785
785
785
785
785
784
784
784
784
784
783
783
783
783
783
783
783
783
783
783
782
782
782
782
782
782
782
782
781
781
781
781
781
781
781
781
781
781
781
781
781
781
780
780
780
780
780
780
780
780
780
779
779
779
779
779
779
779
778
778
778
778
778
778
778
778
777
777
777
777
777
777
777
777
777
777
776
776
776
776
776
776
775
775
775
775
775
775
775
775
775
775
774
774
774
774
774
774
774
774
774
773
773
773
773
773
773
773
773
773
772
772
772
772
772
772
772
772
772
772
771
771
771
771
771
771
771
771
770
770
770
770
770
770
770
769
769
769
769
769
769
769
769
769
768
768
768
768
768
768
768
768
768
768
768
768
768
767
767
767
767
767
767
766
766
766
766
766
766
766
766
766
765
765
765
765
765
765
765
765
765
765
765
765
765
765
764
764
764
764
764
764
764
764
764
764
763
763
763
763
763
763
763
763
762
762
762
762
762
762
762
762
762
762
762
762
762
762
761
761
761
761
761
761
761
761
761
761
761
761
760
760
760
760
760
760
760
760
760
760
760
760
760
760
759
759
759
759
759
759
758
758
758
758
758
758
758
758
757
757
757
757
757
757
757
757
756
756
756
756
756
756
756
756
756
756
755
755
755
755
755
755
755
755
755
755
755
754
754
754
754
754
754
754
754
754
754
754
754
753
753
753
753
753
753
753
753
753
753
752
752
752
752
752
752
752
752
752
752
752
751
751
751
751
751
751
751
751
751
751
751
751
751
751
751
751
750
750
750
750
750
750
750
750
750
750
750
750
749
749
749
749
749
749
749
749
749
749
749
749
749
749
749
748
748
748
748
748
748
747
747
747
747
747
747
747
747
746
746
746
746
746
746
745
745
745
745
745
745
745
745
745
745
745
745
744
744
744
744
744
744
744
744
743
743
743
743
743
743
743
743
743
743
743
743
743
743
743
742
742
742
742
742
742
742
741
741
741
741
741
741
741
741
740
740
740
740
740
740
740
740
740
740
739
739
739
739
739
739
739
738
738
738
738
738
738
738
737
737
737
737
737
737
737
737
736
736
736
736
736
736
736
736
736
736
736
736
735
735
735
735
735
735
735
735
734
734
734
734
734
734
734
734
734
734
734
734
734
733
733
733
733
733
733
733
733
733
733
733
733
732
732
732
732
732
732
732
732
732
731
731
731
731
731
731
731
731
731
730
730
730
730
730
730
730
730
729
729
729
729
729
729
729
729
729
729
729
729
728
728
728
728
728
728
728
728
727
727
727
727
727
727
726
726
726
726
726
726
726
726
726
726
726
726
726
726
726
725
725
725
725
725
725
725
725
725
725
725
725
725
724
724
724
724
724
724
724
724
724
724
724
724
724
723
723
723
723
723
723
723
723
723
723
723
723
723
723
722
722
722
722
722
722
722
722
722
721
721
721
721
721
721
721
721
721
720
720
720
720
720
720
720
720
720
720
720
720
720
719
719
719
719
719
719
719
719
718
718
718
718
718
718
718
718
718
718
717
717
717
717
717
717
717
717
717
716
716
716
716
716
716
716
715
715
715
715
715
715
715
715
715
715
714
714
714
714
714
714
714
714
713
713
713
713
713
713
713
713
713
713
713
713
712
712
712
712
712
712
712
711
711
711
711
711
711
711
711
711
710
710
710
710
710
710
710
710
710
709
709
709
709
709
709
709
709
709
709
709
709
708
708
708
708
708
708
708
707
707
707
707
707
707
707
707
706
706
706
706
706
706
706
706
706
705
705
705
705
705
705
705
705
705
705
705
704
704
704
704
704
704
703
703
703
703
703
703
703
703
703
703
703
703
702
702
702
702
702
702
702
701
701
701
701
701
701
701
701
700
700
700
700
700
699
699
699
699
699
699
699
699
699
699
699
699
699
699
698
698
698
698
698
698
698
698
698
698
698
698
698
698
698
697
697
697
697
697
697
697
697
697
697
697
697
696
696
696
696
696
696
696
696
696
696
696
696
696
696
695
695
695
695
695
695
695
695
695
694
694
694
694
694
694
694
693
693
693
693
693
693
693
692
692
692
692
692
692
692
692
691
691
691
691
691
691
691
691
691
691
691
691
691
690
690
690
690
690
690
690
690
690
690
689
689
689
689
689
689
689
689
688
688
688
688
688
688
688
688
688
688
688
688
688
687
687
687
687
687
687
687
687
686
686
686
686
686
686
686
685
685
685
685
685
685
685
685
685
684
684
684
684
684
684
684
684
684
684
684
684
683
683
683
683
683
683
683
683
683
683
682
682
682
682
682
682
682
682
682
682
681
681
681
681
681
681
681
681
681
681
681
680
680
680
680
680
680
680
680
680
680
680
680
680
680
679
679
679
679
679
679
679
679
679
679
679
678
678
678
678
678
678
677
677
677
677
677
677
677
677
677
677
677
677
677
676
676
676
676
676
676
676
676
676
675
675
675
675
675
675
675
675
675
675
675
675
674
674
674
674
674
674
674
674
674
674
674
674
674
674
673
673
673
673
673
673
673
673
673
673
673
673
673
673
672
672
672
672
672
672
672
672
672
672
672
672
671
671
671
671
671
671
671
671
671
671
671
671
671
670
670
670
670
670
670
670
670
670
670
670
670
669
669
669
669
669
669
669
669
669
668
668
668
668
667
667
667
667
667
667
667
667
667
667
667
667
666
666
666
666
666
665
665
665
665
665
665
665
665
665
665
665
665
665
665
665
664
664
664
664
663
663
663
663
663
663
663
663
663
663
662
662
662
662
662
662
662
662
662
662
662
662
662
661
661
661
661
661
661
661
661
661
661
661
660
660
660
660
660
660
660
660
660
660
660
659
659
659
659
659
659
659
659
658
658
658
658
658
657
657
657
657
657
657
657
656
656
656
656
656
656
656
656
656
656
656
656
656
656
656
656
656
655
655
655
655
655
655
655
654
654
654
654
654
654
654
654
654
654
653
653
653
653
653
653
653
653
653
652
652
652
652
652
652
652
652
652
652
652
652
652
652
651
651
651
651
651
651
651
651
651
651
651
650
650
650
650
650
650
650
650
649
649
649
649
648
648
648
648
648
648
648
647
647
647
647
647
646
646
646
646
646
646
646
646
646
646
645
645
645
645
645
645
645
645
644
644
644
644
644
644
644
644
644
644
644
643
643
643
643
643
643
643
642
642
642
642
642
642
642
642
642
642
642
641
641
641
641
641
641
641
641
641
641
641
641
641
641
641
640
640
640
640
640
639
639
639
639
639
639
639
639
639
639
639
638
638
638
638
638
638
638
638
638
638
637
637
637
637
637
637
637
637
637
637
636
636
636
636
636
636
636
636
636
636
636
636
636
635
635
635
635
635
635
635
635
635
635
635
635
634
634
634
634
634
634
634
634
634
633
633
633
633
633
633
633
633
633
633
632
632
632
632
632
632
632
632
631
631
631
631
631
631
631
631
631
630
630
630
630
630
630
630
630
630
630
630
630
630
630
630
630
630
629
629
629
629
629
629
629
629
629
629
629
628
628
628
628
628
628
628
628
627
627
627
627
627
627
627
627
626
626
626
626
626
626
626
625
625
625
625
625
625
625
625
625
625
625
624
624
624
624
624
624
624
624
624
624
624
624
624
624
623
623
623
623
623
623
623
623
623
623
622
622
622
622
622
622
622
622
621
621
621
621
621
621
621
621
621
621
621
621
621
620
620
620
620
620
620
620
620
620
619
619
619
619
619
619
619
619
619
619
619
619
619
619
619
619
618
618
618
618
618
618
618
618
618
618
617
617
617
617
617
617
617
617
617
617
617
617
617
617
616
616
616
616
616
616
616
616
616
616
615
615
615
615
614
614
614
614
614
614
614
614
613
613
613
613
613
613
613
613
613
613
613
613
613
612
612
612
612
612
612
611
611
611
611
611
611
611
611
611
611
610
610
610
610
610
610
610
610
610
610
609
609
609
609
609
609
609
609
609
609
609
609
608
608
608
608
608
608
608
608
608
608
608
608
608
608
607
607
607
607
607
607
607
606
606
606
606
606
606
606
606
606
606
606
606
606
606
605
605
605
605
605
604
604
604
604
604
604
604
604
604
604
604
604
604
604
604
603
603
603
603
603
603
603
603
603
602
602
602
602
602
602
602
602
601
601
601
601
601
601
601
601
601
601
601
600
600
600
600
600
599
599
599
599
599
599
599
599
599
599
599
598
598
598
598
598
598
598
598
598
598
598
598
598
597
597
597
597
597
597
597
596
596
596
596
596
596
596
596
596
595
595
595
595
595
595
595
595
595
595
595
594
594
594
594
594
594
594
594
594
593
593
593
593
593
593
593
593
593
593
593
593
592
592
592
592
592
592
592
592
592
592
592
592
592
592
591
591
591
591
590
590
590
590
590
590
590
590
590
589
589
589
589
589
589
588
588
588
588
588
587
587
587
587
587
587
586
586
586
586
586
586
586
586
586
586
586
586
585
585
585
585
585
585
585
585
585
585
585
584
584
584
584
584
584
584
584
584
584
584
584
584
584
583
583
583
583
583
583
583
583
582
582
582
582
582
582
582
582
582
582
582
582
582
582
582
582
582
581
581
581
581
581
581
581
581
581
581
581
581
580
580
580
580
580
580
580
580
580
579
579
579
579
579
579
579
579
578
578
578
578
578
578
578
578
578
578
578
577
577
577
577
577
577
577
577
577
577
577
577
577
576
576
576
576
576
576
576
576
576
576
576
576
576
575
575
575
575
575
575
575
575
575
575
574
574
574
574
573
573
573
573
573
573
573
572
572
572
572
572
572
572
572
572
572
572
572
572
571
571
571
571
571
571
571
571
571
571
571
570
570
570
570
570
570
570
569
569
569
569
569
569
569
569
569
569
568
568
568
568
568
568
567
567
567
567
567
567
567
567
567
567
567
566
566
566
566
566
566
566
566
566
566
566
565
565
565
565
565
565
565
564
564
564
564
564
564
564
564
564
563
563
563
563
563
563
562
562
562
562
562
562
562
562
562
562
561
561
561
561
561
561
560
560
560
560
560
560
560
560
560
560
559
559
559
559
559
559
559
559
559
559
559
559
559
558
558
558
558
558
558
558
558
558
558
557
557
557
557
557
557
556
556
556
556
556
556
556
556
556
556
556
556
556
556
555
555
555
555
555
555
555
554
554
554
554
554
554
554
554
554
554
554
554
553
553
553
553
553
553
553
553
553
553
552
552
552
552
552
552
552
552
552
552
552
552
552
552
551
551
551
551
551
551
551
551
551
551
551
551
551
551
550
550
550
550
550
549
549
549
549
549
549
548
548
548
548
548
548
548
548
548
548
548
548
547
547
547
547
547
547
546
546
546
546
546
546
546
546
546
546
545
545
545
545
545
545
545
544
544
544
544
544
544
544
544
544
544
544
544
544
544
544
544
543
543
543
543
543
543
543
542
542
542
542
542
542
542
542
542
541
541
541
541
541
541
541
541
541
541
541
540
540
540
540
540
540
540
540
539
539
539
539
539
539
539
539
539
539
538
538
538
538
538
538
538
538
537
537
537
537
537
537
537
537
537
536
536
536
536
536
536
536
536
536
535
535
535
535
535
535
535
535
535
535
534
534
534
534
534
534
534
533
533
533
533
533
533
532
532
532
532
532
532
532
532
532
532
531
531
531
531
531
531
531
531
531
531
531
531
531
531
530
530
530
530
530
530
530
530
530
530
530
529
529
529
529
528
528
528
528
528
528
528
527
527
527
527
527
527
527
527
527
527
526
526
526
526
526
526
526
525
525
525
525
525
525
525
525
524
524
524
524
524
524
524
524
524
524
524
523
523
523
523
523
523
523
523
523
523
523
523
523
523
522
522
522
522
522
522
522
522
522
522
522
521
521
521
521
521
521
521
521
521
521
520
520
520
520
520
520
520
520
519
519
519
519
519
519
518
518
518
518
518
518
518
518
518
518
518
518
518
517
517
517
517
517
517
517
516
516
516
516
516
516
516
516
516
515
515
515
515
515
515
515
515
515
515
515
515
514
514
514
514
514
514
514
513
513
513
513
513
513
513
513
512
512
512
512
512
512
512
512
512
511
511
511
511
511
511
511
511
511
511
510
510
510
510
510
510
510
510
510
509
509
509
509
509
509
509
508
508
508
508
508
508
508
508
508
508
508
508
507
507
507
507
507
507
507
507
507
507
507
506
506
506
506
506
506
506
506
506
505
505
505
505
505
505
505
505
505
505
505
505
505
505
504
504
504
504
504
504
504
504
504
504
504
504
504
504
504
504
504
504
504
503
503
503
503
503
503
503
503
503
503
502
502
502
502
502
502
502
502
502
501
501
501
501
501
501
501
500
500
500
500
500
500
500
500
500
500
500
500
500
500
499
499
499
499
499
499
499
499
499
499
499
499
499
499
498
498
498
498
498
498
498
498
498
498
497
497
497
497
497
497
497
497
497
497
496
496
496
496
496
496
496
496
496
496
496
496
496
496
495
495
495
495
495
495
495
495
494
494
494
494
494
494
494
494
493
493
493
493
493
493
493
493
493
492
492
492
492
492
492
492
492
492
492
492
491
491
491
491
491
491
491
491
491
491
491
491
490
490
490
490
490
490
489
489
489
489
489
489
488
488
488
488
488
488
488
488
488
488
488
487
487
487
487
487
487
487
487
487
487
487
487
487
486
486
486
486
486
486
486
485
485
485
485
485
485
485
485
484
484
484
484
484
484
484
484
484
483
483
483
483
483
483
483
483
483
483
483
483
483
483
483
482
482
482
482
482
482
482
482
482
482
482
482
482
482
481
481
481
481
481
481
481
481
481
481
481
480
480
480
480
480
480
480
480
480
480
480
480
480
480
479
479
479
479
479
479
479
479
478
478
478
478
478
478
478
477
477
477
477
477
477
477
477
477
477
476
476
476
476
476
476
476
476
475
475
475
474
474
474
474
474
474
474
474
474
474
474
474
474
474
474
473
473
473
473
473
473
473
473
473
473
473
472
472
472
472
472
472
472
471
471
471
471
471
471
471
471
471
471
470
470
470
470
470
470
470
470
469
469
469
469
469
469
469
469
469
469
468
468
468
468
468
468
468
468
468
468
467
467
467
467
467
467
467
466
466
466
466
466
466
466
466
466
466
466
466
466
465
465
465
465
465
465
465
465
465
465
464
464
464
464
464
464
464
464
464
464
464
464
463
463
463
463
463
463
463
462
462
462
462
462
462
462
462
461
461
461
461
461
461
461
460
460
460
460
460
460
460
460
460
460
460
460
460
460
460
460
460
460
460
460
460
460
459
459
459
459
459
459
459
459
459
459
459
459
459
459
459
458
458
458
458
458
458
458
458
458
457
457
457
457
457
457
457
457
457
457
457
457
457
457
457
457
456
456
456
456
456
456
456
456
456
456
456
456
455
455
455
455
455
455
455
455
455
455
454
454
454
454
454
454
454
453
453
453
453
453
453
453
453
452
452
452
452
452
452
451
451
451
451
451
451
451
451
451
451
451
451
451
451
450
450
450
450
450
450
450
450
450
450
450
450
450
450
449
449
449
449
449
449
449
449
449
449
449
448
448
448
448
448
448
448
448
448
448
448
447
447
447
447
447
447
447
447
447
446
446
446
446
446
446
446
446
446
445
445
445
445
445
445
445
445
445
444
444
444
444
444
444
444
443
443
443
443
443
443
443
443
442
442
442
442
442
442
442
442
441
441
441
441
441
441
441
441
441
440
440
440
440
440
440
439
439
439
439
439
439
439
439
439
438
438
438
438
438
438
438
437
437
437
437
437
437
437
437
437
437
436
436
436
436
436
436
436
436
436
436
436
436
436
436
436
435
435
435
434
434
434
434
434
434
434
434
434
434
434
433
433
433
433
433
433
433
433
432
432
432
432
432
432
432
432
432
432
432
432
432
432
432
431
431
431
431
431
431
431
431
431
431
431
431
431
431
430
430
430
430
430
430
430
429
429
429
429
429
429
429
429
429
428
428
428
428
428
428
428
427
427
427
427
427
427
427
427
427
427
427
427
427
427
427
427
426
426
426
426
426
426
426
426
426
426
426
426
426
425
425
425
425
425
425
425
425
424
424
424
424
424
424
424
424
423
423
423
423
423
423
422
422
422
422
422
422
422
422
422
422
422
421
421
421
421
421
421
420
420
420
420
420
420
420
420
419
419
419
419
419
419
419
419
419
419
419
418
418
418
418
418
418
418
417
417
417
417
417
417
416
416
416
416
416
416
416
416
415
415
415
415
415
415
415
415
415
415
414
414
414
414
414
414
414
414
414
414
414
414
414
414
413
413
413
413
413
413
413
413
413
412
412
412
412
412
412
412
412
412
411
411
411
411
411
411
411
411
411
411
411
411
411
411
410
410
410
410
410
410
410
410
410
410
410
409
409
409
409
409
409
409
409
409
409
409
409
409
408
408
408
408
408
408
408
408
408
408
408
407
407
407
407
407
407
407
407
407
406
406
406
406
406
406
406
406
406
406
405
405
405
405
405
405
405
405
405
405
404
404
404
404
404
404
404
404
404
404
404
404
403
403
403
403
403
403
403
403
403
403
402
402
402
402
402
402
402
402
401
401
401
401
401
401
401
401
401
400
400
400
400
400
400
400
400
400
400
399
399
399
399
399
399
399
399
399
398
398
398
398
398
398
398
398
398
398
398
397
397
397
397
397
397
397
397
397
397
397
396
396
396
396
396
396
396
396
396
396
395
395
395
395
395
395
395
395
395
395
395
395
394
394
394
394
394
394
394
394
394
394
394
394
394
394
394
394
393
393
393
393
393
393
393
393
393
393
393
393
393
392
392
392
392
392
392
392
392
392
392
392
392
391
391
391
391
391
391
391
391
391
391
391
391
391
390
390
390
390
390
390
390
390
390
390
390
390
390
390
390
390
390
389
389
389
389
389
389
389
389
389
389
389
388
388
388
388
388
388
388
388
388
388
388
388
387
387
387
387
387
387
387
387
387
387
387
387
387
387
386
386
386
386
386
386
386
386
385
385
385
385
385
385
385
385
385
385
385
385
384
384
384
384
384
384
384
384
384
384
384
384
383
383
383
383
383
383
383
383
383
383
383
383
383
382
382
382
382
382
382
382
382
382
382
382
382
382
381
381
381
381
381
381
381
381
380
380
380
380
380
380
380
380
380
379
379
379
379
379
379
379
379
379
379
378
378
378
378
378
378
378
378
378
378
377
377
377
377
377
377
377
377
377
377
377
377
377
377
376
376
376
376
376
376
375
375
375
375
375
375
375
375
375
375
375
375
375
375
374
374
374
374
374
374
374
374
374
374
374
374
374
374
374
373
373
373
373
373
373
373
373
373
373
372
372
372
372
371
371
371
371
371
371
371
371
371
370
370
370
370
370
370
370
370
370
370
370
369
369
369
369
369
369
368
368
368
368
368
368
368
367
367
367
367
367
367
367
367
367
367
367
367
367
367
367
367
366
366
366
366
366
366
366
366
366
366
366
365
365
365
365
365
365
365
365
365
364
364
364
364
364
364
364
364
364
364
364
363
363
363
363
363
363
363
363
363
363
363
363
362
362
362
362
362
362
362
362
362
362
361
361
361
361
361
361
361
361
361
361
361
361
361
361
360
360
360
360
360
360
360
360
360
360
359
359
359
359
359
359
359
359
358
358
358
358
358
358
358
358
358
358
358
358
357
357
357
357
357
357
357
357
357
357
357
356
356
356
356
356
356
356
356
356
356
355
355
355
355
355
354
354
354
354
354
354
354
354
354
354
354
354
354
354
353
353
353
353
353
353
353
353
353
353
353
352
352
352
352
352
352
352
352
351
351
351
351
350
350
350
350
350
350
350
350
350
349
349
349
349
348
348
348
348
348
348
348
348
348
348
348
347
347
347
347
347
347
347
347
347
347
347
347
347
346
346
346
346
346
346
345
345
345
345
345
345
345
344
344
344
344
343
343
343
343
343
343
343
343
342
342
342
342
342
342
342
342
341
341
341
341
341
341
341
341
341
340
340
340
340
340
340
340
340
340
340
340
339
339
339
339
339
339
339
339
339
339
339
339
338
338
338
338
338
338
338
338
337
337
337
337
337
337
337
337
337
337
336
336
336
336
336
336
336
336
336
336
336
336
336
336
336
335
335
335
335
335
335
334
334
334
334
334
334
334
334
334
334
333
333
333
333
333
333
333
333
333
332
332
332
332
332
332
332
332
332
332
332
332
331
331
331
331
331
331
331
331
331
331
331
331
331
331
331
330
330
330
330
330
330
330
330
330
330
330
329
329
329
329
329
329
329
328
328
328
328
328
327
327
327
327
327
327
327
326
326
326
326
326
326
326
326
326
325
325
325
325
325
325
325
324
324
324
324
324
324
324
324
324
324
324
324
324
324
324
323
323
323
323
323
323
323
323
323
322
322
322
322
322
322
321
321
321
321
321
321
321
321
321
321
321
320
320
320
320
320
320
320
320
319
319
319
319
319
319
319
318
318
318
318
318
318
318
318
318
318
318
318
318
317
317
317
317
317
317
317
317
317
316
316
316
316
316
316
316
316
316
316
316
315
315
315
315
315
315
315
314
314
314
314
314
314
314
314
313
313
313
313
313
313
313
313
313
313
313
312
312
312
312
312
312
312
312
312
312
312
312
312
312
311
311
311
311
311
311
311
310
310
310
310
310
310
310
310
310
309
309
309
309
309
309
309
309
308
308
308
308
308
308
308
308
308
307
307
307
307
307
307
307
307
307
307
307
307
306
306
306
306
306
306
306
306
306
306
306
305
305
305
305
305
305
305
305
305
304
304
304
304
304
304
304
304
304
304
304
304
303
303
303
303
303
303
303
303
303
303
303
303
302
302
302
302
302
302
302
302
302
302
302
302
302
301
301
301
301
301
301
301
301
301
301
301
301
300
300
300
300
300
300
300
300
299
299
299
299
299
299
299
299
299
299
299
298
298
298
298
298
298
298
298
298
298
298
298
297
297
297
297
297
297
297
297
297
297
296
296
296
296
296
296
296
296
296
295
295
295
295
295
295
295
295
294
294
294
294
294
294
294
294
294
294
293
293
293
293
293
293
293
293
293
292
292
292
292
292
292
292
292
292
292
292
292
292
291
291
291
291
291
291
291
290
290
290
290
290
290
290
290
289
289
289
289
289
289
288
288
288
288
288
288
288
288
288
288
288
288
287
287
287
287
287
287
287
287
287
286
286
286
286
286
286
286
286
286
285
285
285
285
285
285
284
284
284
284
284
284
284
284
284
284
284
284
284
283
283
283
283
283
283
283
282
282
282
282
282
282
282
281
281
281
281
281
281
281
281
281
281
281
281
281
280
280
280
280
280
280
280
280
280
280
280
280
280
280
279
279
279
279
279
279
279
279
279
278
278
278
278
278
278
278
278
278
278
278
277
277
277
277
277
277
277
277
277
277
277
277
277
277
277
277
277
276
276
276
276
276
276
276
276
276
276
276
275
275
275
275
275
275
275
275
275
275
275
274
274
274
274
274
274
274
274
274
274
274
274
273
273
273
273
273
273
273
273
273
273
273
273
272
272
272
272
272
272
272
272
272
272
272
272
272
271
271
271
271
271
271
270
270
270
270
270
270
270
270
270
270
270
270
269
269
269
269
269
269
269
269
269
269
269
269
269
269
269
268
268
268
268
268
268
268
268
268
268
268
267
267
267
267
267
267
267
267
267
267
267
266
266
266
266
266
266
266
266
266
266
266
265
265
265
265
265
265
265
264
264
264
264
264
264
264
264
264
264
264
264
264
263
263
263
263
263
263
263
263
263
263
263
263
263
262
262
262
262
262
262
262
262
262
262
262
262
261
261
261
261
261
261
261
261
261
260
260
260
260
260
260
260
260
260
260
260
260
260
259
259
259
259
259
259
259
259
259
259
259
259
258
258
258
258
258
258
258
258
258
258
257
257
257
257
257
257
257
257
257
257
257
257
257
257
257
257
257
256
256
256
256
256
256
255
255
255
255
255
255
255
255
254
254
254
254
254
254
254
254
254
254
254
253
253
253
253
253
253
253
253
253
252
252
252
252
252
252
252
252
251
251
251
251
251
251
251
251
251
251
251
250
250
250
250
250
250
250
250
249
249
249
249
249
249
249
249
249
248
248
248
248
248
248
248
248
248
248
247
247
247
247
247
247
247
247
247
247
247
247
247
247
246
246
246
246
246
246
246
246
245
245
245
245
245
245
245
245
245
245
245
245
244
244
244
244
244
244
244
244
244
244
244
243
243
243
243
243
243
243
243
242
242
242
242
242
242
242
242
241
241
241
241
241
241
241
241
241
241
241
240
240
240
240
240
240
240
240
240
240
240
240
240
240
239
239
239
239
239
239
239
239
239
239
239
239
239
238
238
238
238
238
238
238
238
238
238
238
237
237
237
237
237
236
236
236
236
236
236
236
236
236
236
236
236
236
236
235
235
235
235
235
235
235
235
235
234
234
234
234
234
234
234
234
234
234
234
233
233
233
233
233
233
233
233
233
232
232
232
232
232
232
232
231
231
231
231
231
231
231
231
231
231
231
231
231
231
231
230
230
230
230
230
230
229
229
229
229
229
229
229
229
229
229
229
229
229
229
228
228
228
228
228
228
228
228
228
228
228
228
228
228
227
227
227
227
227
227
227
227
227
226
226
226
226
226
226
226
226
226
226
226
226
226
225
225
225
225
225
225
225
225
224
224
224
224
224
224
224
224
224
224
224
224
224
224
224
223
223
223
222
222
222
222
222
222
222
222
222
222
222
222
222
222
221
221
221
221
221
221
221
221
221
221
221
221
221
221
221
221
221
221
220
220
220
220
220
220
220
220
220
220
219
219
219
219
219
219
219
219
219
219
218
218
218
218
218
218
218
218
218
218
218
218
217
217
217
217
217
217
217
217
217
217
217
217
217
217
217
216
216
216
216
216
216
216
216
216
215
215
215
215
215
215
215
215
215
215
215
214
214
214
214
214
214
214
214
214
214
214
214
213
213
213
213
213
213
213
212
212
212
212
212
212
212
212
212
212
212
212
211
211
211
211
211
211
211
210
210
210
210
210
210
210
210
210
210
210
210
210
209
209
209
209
209
209
209
209
209
209
208
208
208
208
208
208
208
208
208
208
208
208
207
207
207
207
207
207
207
207
207
207
207
207
207
207
206
206
206
206
206
206
206
206
205
205
205
205
205
205
205
205
205
205
205
205
205
205
204
204
204
204
204
204
204
204
204
204
204
204
204
203
203
203
203
203
203
203
202
202
202
202
201
201
201
201
201
201
201
201
201
200
200
200
200
200
200
200
200
199
199
199
199
199
199
199
199
199
199
199
199
199
199
199
199
198
198
198
198
198
198
198
198
198
198
197
197
197
197
197
197
197
197
197
196
196
196
196
196
196
196
196
196
196
196
196
196
196
196
196
196
196
196
196
195
195
195
195
195
195
195
195
195
195
195
194
194
194
194
194
194
194
194
194
194
194
194
193
193
193
193
193
193
193
193
192
192
192
192
192
192
192
192
192
192
191
191
191
191
191
191
191
191
191
191
191
191
190
190
190
190
190
190
190
190
189
189
189
189
189
189
189
189
189
189
189
189
188
188
188
188
188
188
188
188
188
188
188
187
187
187
187
187
187
186
186
186
186
186
186
186
186
186
185
185
185
185
185
185
185
185
185
185
185
185
185
185
185
184
184
184
184
184
184
184
183
183
183
183
183
183
183
183
183
183
183
183
183
183
183
183
182
182
182
182
182
182
182
182
182
182
182
182
182
181
181
181
181
181
181
181
180
180
180
180
180
180
180
180
180
179
179
179
179
179
179
179
179
178
178
178
178
178
178
178
178
178
178
178
177
177
177
177
177
176
176
176
176
176
176
176
176
176
176
176
176
175
175
175
175
175
175
175
175
175
175
175
175
175
174
174
174
174
174
174
174
174
174
174
174
173
173
173
173
173
173
173
173
172
172
172
172
172
172
172
172
172
172
171
171
171
171
171
171
171
171
170
170
170
170
170
170
169
169
169
169
169
169
169
169
169
169
169
169
169
169
168
168
168
168
168
168
168
168
167
167
167
167
167
167
167
167
167
167
166
166
166
166
165
165
165
165
165
165
165
165
164
164
164
164
164
164
164
164
164
164
164
164
164
164
164
164
164
164
163
163
163
163
163
163
163
163
163
163
163
163
162
162
162
162
161
161
161
161
161
161
160
160
160
160
160
160
160
160
160
160
159
159
159
159
159
159
159
158
158
158
158
158
158
158
158
157
157
157
157
157
157
157
157
157
157
156
156
156
156
156
155
155
155
155
155
155
154
154
154
154
154
154
154
154
154
154
154
153
153
153
153
153
153
153
153
153
153
153
153
153
153
153
152
152
152
152
152
152
152
152
152
152
152
152
152
151
151
151
151
151
151
151
151
151
151
151
151
151
151
150
150
150
150
150
150
150
150
150
150
150
150
150
150
149
149
149
149
149
149
149
149
149
149
149
149
149
149
148
148
148
148
148
148
148
147
147
147
147
147
147
147
147
147
147
147
147
147
146
146
146
146
146
146
145
145
145
145
145
145
145
145
145
145
145
144
144
144
144
144
144
144
144
144
144
144
143
143
143
143
143
143
143
143
142
142
142
142
142
142
142
141
141
141
141
141
141
141
141
141
141
140
140
140
140
140
140
140
140
139
139
139
139
139
139
139
139
139
138
138
138
138
138
138
138
138
138
138
137
137
137
137
137
137
137
137
137
136
136
136
136
136
136
136
136
136
136
136
136
136
136
136
135
135
135
135
135
135
135
134
134
134
134
134
134
134
134
134
134
134
134
134
134
134
134
133
133
133
133
133
133
133
133
133
133
133
133
132
132
132
132
132
132
132
132
132
132
131
131
131
131
131
131
131
131
130
130
130
130
130
130
130
130
130
130
129
129
129
129
129
129
128
128
128
128
128
128
128
128
128
128
128
127
127
127
127
126
126
126
126
126
126
126
126
126
126
125
125
125
125
125
125
125
125
125
124
124
124
124
124
124
124
124
123
123
123
123
123
123
123
123
122
122
122
122
122
122
122
122
122
122
122
122
122
122
122
122
122
121
121
121
121
121
121
121
121
120
120
120
120
120
120
120
120
120
120
120
120
120
120
119
119
119
119
119
119
119
119
119
119
119
118
118
118
118
118
118
118
118
118
118
118
117
117
117
117
117
117
117
117
117
117
117
117
117
116
116
116
116
116
116
116
116
116
115
115
115
115
115
114
114
114
114
114
114
114
114
113
113
113
113
113
113
113
113
113
112
112
112
112
112
112
112
112
112
112
111
111
111
111
111
111
111
111
110
110
110
110
110
110
109
109
109
109
109
109
109
109
109
109
109
109
109
109
108
108
108
108
108
108
108
108
108
108
108
108
108
107
107
107
107
107
107
107
107
106
106
106
106
106
106
106
106
105
105
105
105
105
105
105
105
105
105
104
104
104
104
104
104
104
104
103
103
103
103
103
103
103
103
103
103
103
102
102
102
102
102
102
102
101
101
101
101
101
101
101
101
101
101
101
101
101
101
101
100
100
100
100
100
100
99
99
99
99
99
99
99
99
99
99
99
98
98
98
98
98
98
98
98
98
98
97
97
97
97
97
97
97
97
97
97
96
96
96
96
96
96
96
95
95
95
95
95
95
94
94
94
94
94
94
94
94
94
94
94
94
94
93
93
93
93
92
92
92
92
92
92
92
92
91
91
91
91
91
91
91
91
91
91
91
91
91
90
90
90
90
90
90
90
90
90
90
90
90
89
89
89
89
89
89
88
88
88
88
88
88
88
88
88
88
87
87
87
87
87
87
87
87
87
87
86
86
86
86
86
86
86
85
85
85
85
85
85
85
84
84
84
84
84
84
84
84
84
84
83
83
83
83
83
82
82
82
82
82
82
82
82
82
82
82
81
81
81
81
81
81
80
80
80
80
80
80
80
80
79
79
79
79
79
79
79
79
79
79
79
79
79
79
78
78
78
78
78
78
78
78
78
78
78
78
78
78
78
78
77
77
77
77
77
77
77
76
76
76
76
76
76
76
76
75
75
75
75
75
75
75
75
75
75
74
74
74
74
74
74
74
74
74
74
74
74
73
73
73
73
73
73
73
73
73
73
73
73
73
73
73
72
72
72
72
72
72
72
72
71
71
71
71
71
71
71
71
71
71
71
70
70
70
70
70
70
70
69
69
69
69
69
69
69
69
68
68
68
68
68
68
68
68
68
67
67
67
67
67
67
66
66
66
66
66
66
66
66
66
66
66
65
65
65
65
65
65
65
65
65
65
65
64
64
64
64
64
64
63
63
63
63
63
63
63
63
63
63
63
63
63
62
62
62
62
62
62
62
62
62
62
61
61
61
61
61
61
61
61
61
61
61
60
60
60
60
60
60
60
60
60
59
59
59
59
59
59
59
59
59
59
59
59
58
58
58
58
58
58
58
58
58
58
58
58
58
58
58
58
57
57
57
57
57
57
57
57
57
57
57
57
57
56
56
56
56
56
56
56
56
56
56
56
56
56
56
55
55
55
55
55
55
55
54
54
54
54
54
54
54
54
54
54
54
54
54
54
54
53
53
53
53
53
53
53
53
52
52
52
52
52
52
52
52
52
52
51
51
51
51
51
51
51
51
51
50
50
50
50
50
50
50
50
50
50
50
50
50
50
49
49
49
49
49
49
49
49
49
49
49
49
48
48
48
48
48
48
48
48
48
48
47
47
47
47
47
47
47
47
47
47
47
47
47
46
46
46
46
46
46
46
45
45
45
45
45
45
45
45
45
45
45
44
44
44
44
44
44
44
44
44
44
44
44
43
43
43
43
43
43
43
43
43
43
43
42
42
42
42
42
42
42
42
41
41
41
41
41
41
41
41
41
41
41
41
41
41
41
40
40
40
40
40
40
40
40
40
40
40
40
40
40
40
40
40
39
39
39
39
39
39
39
39
39
39
39
39
38
38
38
38
38
38
38
38
37
37
37
37
37
37
37
37
37
37
37
36
36
36
35
35
35
35
35
35
35
35
35
35
34
34
34
34
34
34
34
34
34
34
33
33
33
33
33
33
33
33
33
33
32
32
32
32
32
32
32
32
32
32
32
32
32
31
31
31
31
31
31
31
31
31
31
30
30
30
30
30
30
30
29
29
29
29
29
29
29
29
28
28
28
28
28
28
28
28
28
28
28
28
27
27
27
27
27
27
27
27
27
27
27
27
27
26
26
26
26
26
26
26
26
26
26
26
26
26
25
25
25
25
25
25
25
25
25
25
25
24
24
24
24
24
24
24
24
24
24
24
24
24
23
23
23
23
23
23
23
23
22
22
22
22
22
22
22
22
22
22
21
21
21
21
21
20
20
20
20
20
20
20
20
20
20
19
19
19
19
19
19
19
19
19
19
19
18
18
18
18
18
18
18
17
17
17
17
17
16
16
16
16
16
16
16
16
16
16
16
16
15
15
15
15
15
15
15
15
15
15
15
14
14
14
14
14
14
14
14
14
14
14
14
14
14
14
14
13
13
13
13
13
13
13
13
13
13
12
12
12
12
12
12
12
12
11
11
11
11
11
11
11
11
11
10
10
10
10
10
10
10
10
9
9
9
9
9
9
9
9
9
9
9
9
9
9
9
8
8
8
8
8
8
8
8
8
8
8
8
8
8
8
8
7
7
7
7
7
7
7
7
6
6
6
6
6
6
6
6
6
6
6
5
5
5
5
5
5
5
5
5
5
5
5
5
5
5
5
5
4
4
4
4
4
4
4
4
4
4
4
3
3
3
3
3
2
2
2
2
2
2
2
2
2
2
2
2
2
1
1
1
1
1
1